88
-139
170
-98
26
-78
-87
164
19
188
-185
-93
-99
-49
-213
-191
-76
69
155
115
218
139
0
-225
-150
11
-104
145
-159
-216
-151
8
240
226
-108
156
201
84
-193
-250
-236
184
163
194
-109
247
104
96
98
-147
2
95
-172
125
212
161
-40
-46
200
-160
90
-17
216
49
-96
-114
165
-161
205
89
-125
92
-85
-220
32
-176
-119
245
15
25
-239
24
14
-165
-134
87
-188
153
111
-144
-157
-189
-234
-32
81
-15
-82
174
169
94
232
-178
57
137
-72
-205
65
-204
-240
230
202
-186
-117
-133
195
-57
-34
121
70
108
-31
243
51
22
34
-199
-51
-71
-9
-167
-19
-69
-170
-136
147
-11
192
56
173
-70
-135
-112
134
166
-207
72
-226
-18
-138
54
-196
16
236
196
-192
123
178
-187
249
141
-246
-222
73
233
228
-175
-228
-244
136
-169
209
53
-52
-90
43
-153
-50
4
148
176
78
60
-124
75
-211
-173
162
-111
-227
-41
-183
68
-100
-201
-26
-33
182
-74
213
116
-21
-180
58
76
-86
-141
168
-113
221
-56
242
47
114
244
29
66
207
17
83
-36
-127
203
-3
229
-66
154
44
48
-75
-168
187
30
50
62
234
231
97
36
80
-137
-206
-143
42
-10
211
-122
160
239
-88
46
-1
-65
-238
-123
-181
67
225
28
85
-140
-164
-48
-83
-62
220
-58
-163
-20
241
-13
-182
132
142
40
-94
86
10
37
143
-235
-166
-2
-73
-105
-156
-89
-142
-149
61
-37
138
-14
-237
-179
117
238
-16
-64
172
-6
-145
-158
204
-212
110
-197
41
93
179
5
118
-5
-63
-198
224
105
177
-190
101
-210
-148
-203
20
-25
-224
12
-22
23
79
-24
-84
-132
-242
-47
171
31
119
-230
-28
198
55
103
-217
-128
217
-171
-245
-154
-107
214
91
181
-126
-218
35
180
21
-177
128
235
215
1
130
227
131
-7
100
149
-45
-155
77
-59
135
-92
144
106
150
7
-53
-97
250
38
219
-39
-219
-232
9
-35
186
71
190
175
-241
152
45
-194
109
-44
246
183
-80
151
102
-110
107
-95
-202
158
-115
-130
-231
-4
129
120
122
6
-129
-60
167
99
-68
210
189
-106
199
-229
-248
-38
113
197
159
-118
222
-243
-184
39
-146
64
13
146
-8
206
-27
-223
-91
140
18
126
208
124
52
127
-43
-102
-233
-23
-152
237
-162
-209
-54
33
-214
-200
82
3
-131
191
-116
-29
-101
185
59
-77
-30
-120
-249
-174
63
-42
-208
-55
193
-221
-195
133
157
27
-81
248
-79
223
-61
-247
-67
74
-103
-121
112
-12
-215
